78,81,83,84,83,84,
5,7,10,7,4,
28,30,32,29,29,
5,7,8,6,9,10,12,17,
34,37,38,39,39,40,37,
72,74,74,75,76,77,77,
57,60,61,62,62,64,68,
12,14,15,16,16,23,
82,83,87,90,91,93,95,96,
25,27,31,32,29,
20,21,23,26,30,30,
34,37,38,42,45,47,51,
24,27,30,34,40,
10,13,15,16,18,20,26,27,
76,78,83,86,83,
49,51,56,59,60,62,62,
27,28,29,32,39,43,
55,56,62,63,66,73,
79,77,80,83,85,86,87,86,
29,26,28,30,30,
48,47,50,53,55,57,59,63,
12,10,13,15,16,17,19,26,
50,49,51,52,50,52,
87,86,87,86,83,
60,59,60,59,61,61,
32,30,33,30,34,
44,41,39,40,41,48,
27,26,28,28,31,33,
16,13,16,16,17,19,21,19,
39,38,38,40,42,44,46,46,
57,56,58,59,61,64,64,68,
47,44,46,48,48,55,
11,8,9,13,15,16,13,
4,2,6,8,9,9,
15,14,16,17,21,25,
37,34,38,39,41,46,
88,85,92,93,94,
83,81,83,85,91,93,91,
40,37,40,42,47,48,48,
72,69,70,72,74,80,81,85,
18,17,19,21,26,28,33,
53,53,54,56,58,59,57,
80,80,81,84,84,
73,73,75,78,80,83,86,90,
74,74,77,79,80,86,
78,78,81,83,82,85,
24,24,22,24,22,
28,28,31,29,30,30,
62,62,65,63,64,68,
49,49,52,49,52,55,61,
85,85,85,87,89,90,92,95,
6,6,6,8,6,
75,75,75,78,81,84,85,85,
74,74,75,77,77,79,83,
21,21,22,22,28,
80,80,83,87,88,89,
66,66,68,72,74,72,
86,86,87,91,94,95,95,
62,62,65,68,71,75,76,80,
41,41,44,45,46,49,53,58,
31,31,34,35,36,38,44,46,
83,83,86,87,89,95,98,96,
31,31,32,35,41,41,
79,79,81,84,85,90,92,96,
69,69,75,77,78,85,
81,85,86,88,87,
57,61,63,65,67,68,70,70,
3,7,9,12,16,
36,40,43,45,52,
2,6,7,9,10,9,11,
69,73,76,73,72,
54,58,61,64,62,63,63,
18,22,20,21,25,
55,59,57,60,67,
51,55,56,56,57,
6,10,13,13,12,
26,30,32,32,35,38,40,40,
54,58,58,59,63,
14,18,19,22,23,23,26,33,
45,49,52,55,59,60,63,66,
52,56,58,61,65,68,65,
1,5,7,11,12,12,
61,65,66,67,71,75,
62,66,70,73,78,
21,25,32,33,34,36,38,
56,60,61,64,70,73,71,
25,29,34,35,35,
31,35,41,44,47,51,
2,6,8,15,22,
70,76,77,80,83,81,
10,17,19,21,23,25,25,
8,14,15,16,18,20,24,
42,47,49,52,54,55,57,62,
9,15,14,17,19,20,22,
14,21,20,22,20,
70,75,73,74,74,
86,91,90,92,96,
33,38,39,38,44,
73,79,80,80,82,
81,87,89,89,91,94,91,
63,70,70,72,72,
72,78,78,79,83,
8,15,15,17,19,25,
60,66,69,70,74,75,77,79,
19,24,25,29,28,
28,34,38,40,42,42,
24,31,34,35,39,43,
11,17,18,21,25,28,34,
63,69,76,77,78,
28,35,37,43,41,
71,78,79,84,85,87,90,90,
25,31,32,33,36,41,45,
36,41,42,43,48,53,
15,12,11,8,11,10,
63,60,58,59,58,57,56,57,
5,4,3,2,1,4,4,
58,56,53,50,49,51,50,46,
88,85,84,86,80,
45,42,39,37,36,36,37,
69,68,67,66,65,62,62,62,
83,80,80,78,75,71,
37,35,32,29,29,28,23,
34,33,29,28,25,
51,48,46,42,40,42,
65,64,61,57,56,54,54,
52,49,45,44,41,37,
48,46,44,41,37,32,
59,56,55,52,51,44,42,40,
40,38,36,34,31,25,23,26,
93,91,88,83,83,
44,43,42,40,34,31,30,26,
86,84,83,77,72,
14,15,14,13,11,8,7,9,
74,75,74,73,71,68,68,
52,53,52,49,47,46,42,
20,21,19,18,17,16,11,
63,65,64,61,64,63,
62,64,63,60,62,64,
36,37,35,36,33,31,31,
70,72,73,72,70,68,65,61,
30,31,33,32,26,
14,17,17,15,14,13,11,
28,31,31,29,28,31,
33,36,36,35,33,32,32,
79,81,81,78,75,74,73,69,
78,80,80,79,78,72,
71,72,71,67,64,63,60,
81,82,81,80,76,79,
62,63,59,58,57,57,
82,84,83,81,78,77,73,69,
76,78,74,71,65,
56,57,50,48,46,44,43,40,
96,97,95,92,90,84,81,84,
70,73,66,65,64,61,58,58,
34,35,28,27,26,25,21,
47,49,46,44,41,34,33,27,
47,47,45,42,44,
70,70,69,68,65,64,64,
13,13,10,7,3,
83,83,80,78,77,72,
14,14,17,16,13,11,10,
76,76,74,77,74,72,71,73,
31,31,29,28,26,27,27,
80,80,77,79,76,73,71,67,
19,19,17,20,19,12,
28,28,25,23,23,20,18,17,
86,86,84,81,78,78,79,
36,36,34,34,31,30,30,
75,75,75,74,72,71,67,
55,55,55,52,47,
64,64,60,57,56,
80,80,76,75,74,72,73,
56,56,52,49,49,
31,31,28,24,20,
68,68,67,63,61,60,53,
43,43,38,36,33,32,
72,72,70,64,66,
40,40,38,32,30,30,
37,37,34,33,31,25,24,20,
62,62,60,55,50,
94,90,87,85,83,81,78,81,
62,58,55,53,52,52,
90,86,84,83,80,76,
98,94,92,90,85,
47,43,40,38,37,40,39,
39,35,37,36,37,
76,72,69,68,65,64,65,65,
26,22,19,17,19,18,16,12,
42,38,36,39,34,
93,89,86,86,85,82,81,
47,43,40,38,37,34,34,36,
63,59,59,56,56,
70,66,65,63,63,60,56,
95,91,88,86,86,85,78,
43,39,36,32,30,
22,18,15,12,8,7,8,
78,74,73,70,66,64,61,61,
37,33,32,28,27,24,23,19,
30,26,25,22,18,16,9,
75,71,66,64,62,59,56,55,
50,46,45,44,38,35,32,35,
82,78,77,76,69,67,67,
64,60,53,50,48,47,45,41,
90,86,84,83,82,77,76,69,
76,70,69,66,65,64,62,64,
12,5,4,3,2,2,
49,43,41,38,37,34,30,
95,90,89,86,85,80,
82,77,74,72,71,73,70,68,
50,44,43,42,40,38,40,42,
51,44,42,45,45,
22,15,17,15,11,
32,26,25,27,26,23,17,
32,27,27,25,22,
43,36,36,33,35,
74,68,66,63,63,60,57,57,
45,40,38,38,35,31,
64,57,56,53,53,50,49,42,
92,87,83,82,79,
55,49,47,44,40,43,
34,27,26,24,22,18,18,
95,88,85,84,80,76,
76,71,67,64,62,56,
68,62,60,59,52,50,47,
28,22,19,13,10,13,
90,85,84,77,74,72,72,
81,75,70,69,66,63,62,58,
68,62,57,56,55,54,52,46,
73,76,79,77,76,73,72,72,
97,97,95,94,94,93,90,
67,68,62,60,57,56,58,
41,45,47,50,51,54,56,60,
75,75,75,76,73,
84,84,81,83,86,90,
11,11,6,5,1,
27,27,30,32,36,38,43,
57,53,51,50,48,44,44,
39,32,31,30,29,30,31,
89,93,94,94,96,
56,63,70,73,75,78,75,
48,46,48,52,52,
31,35,35,38,41,44,47,51,
96,92,89,92,88,
23,27,26,29,34,
45,41,40,39,40,38,32,
36,36,38,42,44,46,
66,65,66,69,70,72,77,
13,13,16,15,15,
78,76,78,79,86,87,85,
10,10,7,3,1,
52,49,51,56,60,
3,5,8,9,16,19,23,
13,18,22,23,23,
45,45,43,42,45,42,
73,66,65,63,66,63,57,
26,27,26,25,21,18,14,
28,28,29,31,33,39,
91,92,89,87,82,81,78,74,
88,88,91,91,94,95,95,
50,45,44,38,36,39,
22,15,13,11,7,
39,38,37,40,45,
74,70,65,63,60,57,57,
26,22,21,21,20,19,19,
55,52,50,46,43,36,
27,25,25,28,30,33,36,36,
67,67,68,70,71,72,75,75,
95,91,88,87,89,86,84,83,
25,25,22,20,19,22,
80,76,74,73,72,72,67,
51,51,48,47,47,47,
23,16,13,11,10,10,7,9,
27,31,34,36,37,42,
19,21,19,15,18,
75,73,68,67,64,65,
85,81,78,77,76,72,71,69,
66,68,70,69,71,74,75,74,
28,27,24,26,29,
78,74,72,70,68,65,58,
91,84,82,78,77,
49,53,52,55,55,
33,33,30,28,25,22,18,14,
99,98,94,91,88,85,83,83,
62,64,70,72,79,
28,28,30,31,31,32,36,
83,79,74,73,72,69,
49,53,57,60,61,62,63,
50,56,57,63,65,67,68,72,
77,84,81,84,81,
40,43,45,42,38,
58,61,64,71,73,
54,58,61,62,65,68,68,74,
7,8,11,14,18,21,23,
38,41,39,37,34,30,29,26,
49,55,57,54,55,55,
78,75,76,75,75,
4,8,10,13,14,15,15,
79,84,85,88,89,89,86,
91,90,93,90,93,97,
33,32,33,38,40,41,
13,15,12,14,9,
48,46,48,49,54,54,
34,35,35,33,29,
38,40,41,45,50,
51,55,56,60,63,67,
30,33,35,38,39,42,42,48,
14,12,14,11,13,
13,13,12,9,6,5,5,
